週,函館,仙台,東京,箱根,湯河原,富山,金沢,熱海,伊勢,京都,出雲,広島,長崎,石垣島
2014-06-01 - 2014-06-07,57,62,69,25,46,48,48,39,58,63,60,49,58,76
2014-06-08 - 2014-06-14,59,66,68,26,51,48,42,41,59,62,56,49,56,81
2014-06-15 - 2014-06-21,60,62,68,25,54,52,47,47,54,61,58,50,56,82
2014-06-22 - 2014-06-28,61,64,69,26,50,50,46,48,56,66,54,48,56,84
2014-06-29 - 2014-07-05,65,69,76,25,54,53,49,53,59,74,61,52,67,97
2014-07-06 - 2014-07-12,63,71,77,26,70,62,51,56,60,71,60,55,70,100
2014-07-13 - 2014-07-19,71,74,83,28,74,63,56,66,69,71,62,59,72,88
2014-07-20 - 2014-07-26,70,71,81,30,69,66,54,69,68,72,62,60,72,83
2014-07-27 - 2014-08-02,69,74,84,30,92,67,56,71,71,71,64,60,76,83
2014-08-03 - 2014-08-09,80,88,92,34,92,75,66,80,77,80,73,72,78,88
2014-08-10 - 2014-08-16,100,80,94,40,68,86,70,83,94,93,81,69,83,90
2014-08-17 - 2014-08-23,73,78,86,34,61,69,61,74,75,77,81,72,75,89
2014-08-24 - 2014-08-30,67,72,80,33,55,67,58,76,70,71,64,60,70,86
2014-08-31 - 2014-09-06,64,71,76,33,54,59,54,58,64,71,68,54,67,86
2014-09-07 - 2014-09-13,65,75,77,33,59,61,54,55,67,72,67,55,67,77
2014-09-14 - 2014-09-20,61,71,75,33,61,60,52,53,74,71,68,51,66,75
2014-09-21 - 2014-09-27,56,61,72,31,49,56,48,44,62,70,62,49,65,70
2014-09-28 - 2014-10-04,57,64,73,32,63,52,50,43,60,69,76,49,65,65
2014-10-05 - 2014-10-11,58,65,74,32,53,58,59,46,65,71,100,50,68,64
2014-10-12 - 2014-10-18,55,62,71,32,50,55,51,44,59,71,75,51,67,63
2014-10-19 - 2014-10-25,52,58,70,32,56,50,46,43,55,73,63,48,63,52
2014-10-26 - 2014-11-01,50,58,73,35,60,55,48,45,60,76,62,48,62,47
2014-11-02 - 2014-11-08,55,59,71,35,55,49,49,45,60,81,57,47,62,47
2014-11-09 - 2014-11-15,52,60,73,35,51,45,50,51,53,82,56,47,60,45
2014-11-16 - 2014-11-22,47,59,72,34,57,51,52,56,57,89,59,47,60,40
2014-11-23 - 2014-11-29,49,58,72,31,58,49,48,50,57,88,56,47,63,41
2014-11-30 - 2014-12-06,51,58,66,25,59,53,49,46,51,68,62,45,56,39
2014-12-07 - 2014-12-13,50,60,68,24,53,49,49,47,53,64,60,43,57,40
2014-12-14 - 2014-12-20,54,64,69,23,63,61,49,45,55,59,44,52,59,40
2014-12-21 - 2014-12-27,58,70,80,28,70,60,53,50,63,66,50,50,63,45
2014-12-28 - 2015-01-03,55,79,72,48,57,60,58,58,93,75,81,56,68,49
2015-01-04 - 2015-01-10,53,61,71,29,56,54,52,54,70,66,69,47,61,53
2015-01-11 - 2015-01-17,48,58,75,29,63,49,58,58,60,63,60,47,61,58
2015-01-18 - 2015-01-24,47,57,70,26,59,45,58,54,56,61,51,46,59,62
2015-01-25 - 2015-01-31,47,62,72,29,64,50,57,55,54,61,51,48,59,61
2015-02-01 - 2015-02-07,48,60,74,31,64,49,60,59,54,62,48,48,61,61
2015-02-08 - 2015-02-14,51,63,74,30,67,61,67,65,58,67,50,49,67,60
2015-02-15 - 2015-02-21,55,63,74,31,69,55,69,70,55,67,62,50,73,62
2015-02-22 - 2015-02-28,52,63,73,28,61,55,68,62,54,67,60,50,73,67
2015-03-01 - 2015-03-07,55,66,75,29,65,61,72,61,59,71,55,52,70,68
2015-03-08 - 2015-03-14,60,74,80,31,50,80,100,61,61,73,55,53,66,69
2015-03-15 - 2015-03-21,55,70,80,30,58,74,95,63,63,75,55,55,66,69
2015-03-22 - 2015-03-28,59,69,81,30,52,70,79,61,66,79,59,59,68,68
2015-03-29 - 2015-04-04,56,66,77,27,50,62,75,56,55,81,53,57,67,64
2015-04-05 - 2015-04-11,62,63,72,26,52,65,75,51,53,75,52,55,71,71
2015-04-12 - 2015-04-18,61,67,71,26,93,66,74,52,55,69,54,100,68,72
2015-04-19 - 2015-04-25,68,73,74,25,69,68,77,56,56,70,54,63,67,87
2015-04-26 - 2015-05-02,76,90,82,30,72,78,91,59,73,81,66,64,75,77
2015-05-03 - 2015-05-09,69,80,78,100,47,70,87,63,71,79,66,62,79,81
2015-05-10 - 2015-05-16,57,68,72,47,46,62,72,49,50,69,53,52,68,76
2015-05-17 - 2015-05-23,60,66,74,31,49,58,69,47,49,70,50,52,73,83
2015-05-24 - 2015-05-30,58,66,74,24,49,58,67,46,52,68,48,50,63,79
2015-05-31 - 2015-06-06,67,69,76,21,48,63,79,51,67,69,59,52,68,80